LT_TEXT_LMS_20
NUM= 78
306 127
295 120
282 116
268 115
256 122
332 127
340 122
350 120
359 121
368 124
297 147
292 141
284 138
276 138
269 143
275 147
282 149
290 149
338 149
342 143
350 141
358 142
363 146
358 150
351 152
344 151
318 142
318 154
319 167
319 179
299 191
317 195
336 192
289 210
297 209
305 208
315 208
326 207
334 210
342 213
334 219
326 223
315 225
304 222
296 218
293 212
304 214
316 214
328 215
337 214
327 215
315 215
304 214
236 141
238 159
242 178
247 196
255 212
268 225
281 236
296 246
314 250
333 245
346 236
359 225
370 213
378 196
383 180
387 162
387 145
292 127
281 124
269 122
344 129
352 127
358 126
285 145
349 147
