LT_TEXT_LMS_20
NUM= 78
306 86
295 81
282 80
270 85
260 92
340 85
351 79
363 79
375 84
387 93
299 113
293 108
286 106
278 108
272 112
279 113
286 113
293 114
347 112
353 106
361 105
369 107
375 112
368 113
362 114
354 114
323 107
323 118
322 129
322 140
300 161
324 160
346 159
293 198
303 190
313 182
324 184
337 182
348 189
357 196
346 199
335 201
325 202
315 202
305 201
299 197
313 193
325 192
337 191
352 195
336 193
324 193
313 194
238 125
237 146
237 167
239 189
243 210
255 230
276 243
300 250
326 253
353 249
376 240
395 225
406 206
411 185
411 164
411 143
409 123
296 91
285 91
272 93
351 89
362 90
375 92
286 110
360 109
