LT_TEXT_LMS_20
NUM= 78
313 83
303 77
291 74
279 76
270 84
361 79
372 72
384 69
397 71
405 79
309 110
305 106
299 104
292 105
285 108
291 111
297 112
304 112
363 107
368 103
375 102
382 102
389 105
382 108
375 109
368 109
337 103
337 116
337 129
336 141
312 150
336 156
360 148
304 179
314 173
325 169
336 170
348 168
360 170
371 176
362 186
349 192
337 194
326 193
313 188
310 179
323 180
337 180
351 179
365 178
350 180
337 181
324 180
254 109
254 130
255 150
258 170
265 188
278 204
296 216
315 226
337 230
357 225
376 215
394 202
409 187
418 168
421 148
422 127
422 107
302 84
291 82
280 83
374 80
385 78
394 78
299 109
375 106
