LT_TEXT_LMS_20
NUM= 78
325 113
311 106
296 106
283 112
275 126
367 116
381 110
395 111
408 119
413 134
319 144
313 141
307 140
300 141
294 144
300 145
306 146
312 145
368 146
374 144
381 145
387 146
393 149
387 149
381 148
374 147
344 138
343 153
343 167
343 182
318 193
342 198
368 195
312 228
321 222
331 217
341 220
351 219
359 224
367 231
358 237
348 239
337 239
327 237
319 234
317 227
328 225
340 227
352 227
363 231
350 229
338 228
327 226
258 144
257 167
257 189
260 212
265 234
277 253
294 269
314 280
336 285
358 282
378 273
397 260
411 243
418 223
423 201
427 179
429 158
312 118
299 118
287 123
380 121
393 123
404 129
307 143
379 147
